REMARK  Neural network 3-state phi/psi distribution prediction for talos_shifts.tbl
REMARK    A: Alpha        (-160<Phi<0&-70<psi<60)
REMARK    P: Positive_Phi (0<Phi<160&-60<psi<95) 
REMARK    B: Beta         (all others)

VARS RESID RESNAME CS_CNT CS_CNT_R2 Q_A Q_B Q_P 
FORMAT %4d %1s %2d %2d %7.4f %7.4f %7.4f 

    2 D  7  3  0.7206  0.2499  0.0295 
    3 Q 11  4  0.2912  0.6595  0.0494 
    4 L 12  4  0.0000  0.9938  0.0062 
    5 T 12  4  0.0075  0.9913  0.0012 
    6 E 12  4  0.9873  0.0074  0.0054 
    7 E 12  4  0.9968  0.0007  0.0026 
    8 Q 12  4  0.9969  0.0007  0.0024 
    9 I 12  4  0.9977  0.0000  0.0023 
   10 A 12  4  0.9979  0.0000  0.0021 
   11 E 12  4  0.9909  0.0056  0.0036 
   12 F 12  4  0.9981  0.0000  0.0019 
   13 K 12  4  0.9977  0.0000  0.0023 
   14 E 12  4  0.9977  0.0002  0.0021 
   15 A 12  4  0.9969  0.0007  0.0024 
   16 F 12  4  0.9972  0.0004  0.0024 
   17 S 12  4  0.9942  0.0030  0.0028 
   18 L 12  4  0.9974  0.0000  0.0026 
   19 F 12  4  0.9984  0.0000  0.0016 
   20 D 12  4  0.0753  0.9064  0.0183 
   21 K 12  4  0.9846  0.0154  0.0000 
   22 D 11  4  0.9747  0.0211  0.0041 
   23 G 11  3  0.0565  0.0254  0.9181 
   24 D 10  4  0.9098  0.0902  0.0000 
   25 G 11  3  0.0616  0.0362  0.9022 
   26 T 11  4  0.0000  1.0000  0.0000 
   27 I 12  4  0.0274  0.9708  0.0018 
   28 T 12  4  0.0000  0.9981  0.0019 
   29 T 12  4  0.9881  0.0071  0.0048 
   30 K 12  4  0.9970  0.0007  0.0023 
   31 E 12  4  0.9919  0.0047  0.0034 
   32 L 11  4  0.9976  0.0008  0.0016 
   33 G 11  3  0.9888  0.0068  0.0044 
   34 T 11  4  0.9957  0.0033  0.0010 
   35 V 12  4  0.9893  0.0065  0.0041 
   36 M 12  4  0.9974  0.0008  0.0018 
   37 R 11  4  0.9982  0.0018  0.0000 
   38 S 11  3  0.9590  0.0201  0.0209 
   39 L 10  4  0.9956  0.0044  0.0000 
   40 G 11  3  0.3399  0.1681  0.4920 
   41 Q 10  4  0.0423  0.9510  0.0067 
   42 N 10  3  0.0006  0.9994  0.0000 
   43 P 10  3  0.1022  0.8964  0.0014 
   44 T 11  4  0.8710  0.1075  0.0215 
   45 E 12  4  0.9979  0.0021  0.0000 
   46 A 12  4  0.9984  0.0000  0.0016 
   47 E 12  4  0.9892  0.0068  0.0040 
   48 L 12  4  0.9982  0.0002  0.0016 
   49 Q 12  4  0.9964  0.0011  0.0025 
   50 D 12  4  0.9958  0.0016  0.0026 
   51 M 12  4  0.9955  0.0020  0.0026 
   52 I 12  4  0.9982  0.0003  0.0015 
   53 N 12  4  0.9932  0.0027  0.0041 
   54 E 12  4  0.9858  0.0069  0.0073 
   55 V 12  4  0.9767  0.0233  0.0000 
   56 D 12  4  0.0129  0.9751  0.0120 
   57 A 12  4  0.9867  0.0121  0.0012 
   58 D 11  4  0.9823  0.0177  0.0000 
   59 G 11  3  0.0433  0.0202  0.9365 
   60 N 10  4  0.9075  0.0925  0.0000 
   61 G 11  3  0.4718  0.1046  0.4237 
   62 T 11  4  0.0000  1.0000  0.0000 
   63 I 12  4  0.0179  0.9817  0.0004 
   64 D 12  4  0.0014  0.9964  0.0022 
   65 F  8  4  0.3161  0.4654  0.2184 
   66 P  8  0  0.9903  0.0097  0.0000 
   67 E  8  4  0.9971  0.0000  0.0029 
   68 F 12  4  0.9902  0.0076  0.0022 
   69 L 12  4  0.9967  0.0008  0.0025 
   70 T 12  4  0.9978  0.0000  0.0022 
   71 M 12  4  0.9961  0.0014  0.0025 
   72 M 12  4  0.9892  0.0067  0.0041 
   73 A 12  4  0.9994  0.0000  0.0006 
   74 R 12  4  0.0595  0.9321  0.0084 
   75 K 12  4  0.1039  0.8832  0.0130 
   76 M 12  4  0.0236  0.9727  0.0037 
   77 K  8  4  0.1438  0.8562  0.0000 
   78 D  7  0  0.5468  0.3758  0.0775 
   79 T  7  3  0.9896  0.0095  0.0008 
   80 D 11  4  0.9970  0.0019  0.0011 
   81 S 12  4  0.9976  0.0000  0.0024 
   82 E 12  4  0.9977  0.0000  0.0023 
   83 E 12  4  0.9975  0.0000  0.0025 
   84 E 12  4  0.9978  0.0000  0.0022 
   85 I 12  4  0.9971  0.0005  0.0024 
   86 R 12  4  0.9965  0.0000  0.0035 
   87 E 12  4  0.9650  0.0339  0.0011 
   88 A 12  4  0.9658  0.0182  0.0159 
   89 F 12  4  0.9934  0.0066  0.0000 
   90 R 12  4  0.9916  0.0047  0.0037 
   91 V 12  4  0.9975  0.0007  0.0017 
   92 F 12  4  0.9977  0.0000  0.0023 
   93 D 12  4  0.0776  0.9086  0.0139 
   94 K 12  4  0.9914  0.0086  0.0000 
   95 D 11  4  0.9741  0.0252  0.0008 
   96 G 11  3  0.0319  0.0204  0.9477 
   97 N 10  4  0.8827  0.1173  0.0000 
   98 G 11  3  0.0415  0.0318  0.9267 
   99 Y 11  4  0.0000  1.0000  0.0000 
  100 I 12  4  0.0136  0.9852  0.0012 
  101 S 12  4  0.0007  0.9990  0.0002 
  102 A 12  4  0.9831  0.0105  0.0065 
  103 A 12  4  0.9960  0.0021  0.0018 
  104 E 12  4  0.9891  0.0070  0.0039 
  105 L 12  4  0.9974  0.0008  0.0019 
  106 R 12  4  0.9979  0.0000  0.0021 
  107 H 12  4  0.9938  0.0034  0.0028 
  108 V 12  4  0.9959  0.0017  0.0024 
  109 M 12  4  0.9977  0.0000  0.0023 
  110 T 12  4  0.9964  0.0016  0.0020 
  111 N 11  4  0.9944  0.0016  0.0040 
  112 L 10  3  0.9999  0.0001  0.0000 
  113 G 10  3  0.3002  0.2072  0.4926 
  114 E 11  4  0.0000  1.0000  0.0000 
  115 K 12  4  0.0158  0.9813  0.0029 
  116 L 12  4  0.0095  0.9895  0.0009 
  117 T 12  4  0.0062  0.9925  0.0013 
  118 D 12  4  0.9877  0.0064  0.0059 
  119 E 12  4  0.9973  0.0004  0.0023 
  120 E 12  4  0.9964  0.0012  0.0024 
  121 V 12  4  0.9979  0.0000  0.0021 
  122 D 12  4  0.9972  0.0002  0.0026 
  123 E 12  4  0.9975  0.0000  0.0025 
  124 M 12  4  0.9980  0.0003  0.0017 
  125 I 12  4  0.9905  0.0056  0.0039 
  126 R 12  4  0.9965  0.0013  0.0022 
  127 E 12  4  0.9971  0.0000  0.0029 
  128 A 12  4  0.9912  0.0077  0.0012 
  129 D 12  4  0.0323  0.9576  0.0102 
  130 I 12  4  0.9832  0.0150  0.0017 
  131 D 11  4  0.9857  0.0143  0.0000 
  132 G 11  3  0.0713  0.0314  0.8973 
  133 D 10  4  0.9239  0.0761  0.0000 
  134 G 11  3  0.4646  0.0720  0.4634 
  135 Q 11  4  0.0000  1.0000  0.0000 
  136 V 12  4  0.0157  0.9843  0.0000 
  137 N 12  4  0.0355  0.9418  0.0227 
  138 Y 12  4  0.9670  0.0288  0.0042 
  139 E 12  4  0.9985  0.0015  0.0000 
  140 E 12  4  0.9978  0.0004  0.0018 
  141 F 12  4  0.9931  0.0045  0.0024 
  142 V 12  4  0.9956  0.0017  0.0027 
  143 Q 12  4  0.9973  0.0003  0.0024 
  144 M 12  4  0.9975  0.0000  0.0025 
  145 M 12  4  0.9959  0.0013  0.0028 
  146 T 12  4  0.9172  0.0599  0.0228 
  147 A 12  4  0.0107  0.9893  0.0000 
  148 K  8  4  0.7374  0.2304  0.0322 
